1 8 0 28 8 5 56
2 8 1 49 8 6 37
3 8 3 14 8 6 27
4 8 4 18 8 6 51
5 8 5 8 8 6 32
6 8 6 9 8 10 57
7 8 6 31 8 10 41
8 8 7 22 8 10 35
9 8 8 34 8 9 59
10 8 9 39 8 12 43
11 8 10 42 8 13 30
12 8 11 26 8 15 43
13 8 11 52 8 17 13
14 8 12 4 8 16 51
15 8 13 13 8 17 38
16 8 14 19 8 15 33
17 8 15 4 8 18 4
18 8 15 57 8 20 39
19 8 16 1 8 20 12
20 8 17 1 8 20 40
21 8 17 28 8 22 17
22 8 17 33 8 19 1
23 8 18 19 8 19 25
24 8 19 40 8 24 51
25 8 20 18 8 21 31
26 8 20 38 8 24 24
27 8 21 49 8 22 55
28 8 23 6 8 25 54
29 8 24 20 8 29 40
30 8 24 49 8 28 51
31 8 24 53 8 27 42
32 8 25 6 8 25 37
33 8 25 47 8 29 12
34 8 26 31 8 28 50
35 8 27 38 8 31 42
36 8 28 43 8 33 27
37 8 28 49 8 34 10
38 8 30 11 8 31 31
39 8 30 24 8 33 1
40 8 30 29 8 30 37
41 8 30 53 8 34 26
42 8 31 12 8 34 11
43 8 31 56 8 35 0
44 8 32 11 8 35 40
45 8 32 33 8 35 27
46 8 33 51 8 39 22
47 8 35 1 8 37 34
48 8 35 45 8 41 11
49 8 36 43 8 39 52
50 8 38 1 8 43 42
51 8 39 5 8 43 18
52 8 39 51 8 44 23
53 8 40 2 8 41 56
54 8 41 17 8 45 42
55 8 42 5 8 45 26
56 8 42 13 8 42 29
57 8 42 14 8 45 53
58 8 42 37 8 47 47
59 8 42 50 8 45 41
60 8 44 4 8 49 1
61 8 45 19 8 48 16
62 8 45 48 8 48 16
63 8 46 58 8 47 37
64 8 48 23 8 50 44
65 8 49 22 8 52 29
66 8 50 32 8 55 22
67 8 51 12 8 56 5
68 8 51 45 8 55 19
69 8 51 52 8 52 37
70 8 53 14 8 54 52
71 8 54 39 8 56 53
72 8 54 42 8 57 42
73 8 55 33 8 55 56
74 8 56 39 9 1 51
75 8 56 53 9 0 7
76 8 58 1 9 2 27
77 8 58 12 9 2 5
78 8 59 19 9 1 20
79 9 0 45 9 2 6
80 9 2 7 9 6 1
81 9 2 53 9 7 29
82 9 3 59 9 8 42
83 9 4 7 9 5 40
84 9 4 32 9 6 49
85 9 5 4 9 8 57
86 9 5 53 9 8 27
87 9 6 22 9 8 49
88 9 6 26 9 10 4
89 9 6 46 9 10 10
90 9 6 55 9 10 5
91 9 8 7 9 11 25
92 9 8 20 9 10 59
93 9 9 4 9 13 12
94 9 9 27 9 12 43
95 9 9 43 9 9 49
96 9 10 42 9 13 38
97 9 11 43 9 12 27
98 9 12 43 9 14 44
99 9 15 26 9 19 11
100 9 15 36 9 17 30
101 9 15 45 9 19 7
102 9 16 22 9 19 1
103 9 17 31 9 17 51
104 9 18 17 9 20 39
105 9 18 25 9 20 39
106 9 18 45 9 23 31
107 9 19 49 9 24 48
108 9 20 2 9 23 50
109 9 20 58 9 22 22
110 9 21 45 9 21 45
111 9 22 44 9 23 33
112 9 23 59 9 26 28
113 9 24 0 9 28 6
114 9 24 4 9 28 2
115 9 24 45 9 26 32
116 9 25 53 9 28 43
117 9 25 53 9 27 51
118 9 26 37 9 29 24
119 9 27 36 9 27 55
120 9 27 36 9 29 19
121 9 28 24 9 28 53
122 9 28 46 9 33 14
123 9 29 43 9 34 13
124 9 30 9 9 31 14
125 9 31 30 9 35 55
126 9 32 2 9 32 8
127 9 33 8 9 35 6
128 9 33 24 9 33 45
129 9 34 2 9 34 3
130 9 34 13 9 38 50
131 9 35 31 9 37 10
132 9 35 55 9 39 28
133 9 36 8 9 39 44
134 9 36 44 9 37 54
135 9 37 44 9 41 36
136 9 39 5 9 41 52
137 9 39 51 9 43 46
138 9 40 54 9 42 45
139 9 40 56 9 43 1
140 9 43 56 9 48 8
141 9 44 36 9 48 47
142 9 45 52 9 49 46
143 9 46 56 9 47 44
144 9 47 53 9 49 32
145 9 48 45 9 50 1
146 9 49 12 9 54 9
147 9 50 35 9 52 9
148 9 51 40 9 55 39
149 9 52 46 9 55 11
150 9 54 8 9 55 11
151 9 55 30 9 58 1
152 9 56 5 10 0 22
153 9 57 25 10 1 15
154 9 58 22 9 59 20
155 9 59 8 10 4 22
156 9 59 24 10 2 52
157 9 59 41 10 3 10
158 9 59 55 10 3 59
159 10 0 37 10 1 56
160 10 1 40 10 6 41
161 10 1 44 10 2 49
162 10 2 24 10 5 38
163 10 2 56 10 4 17
164 10 3 1 10 4 43
165 10 3 44 10 6 20
166 10 4 59 10 9 30
167 10 5 35 10 6 6
168 10 6 26 10 6 54
169 10 7 50 10 10 48
170 10 8 46 10 13 37
171 10 9 0 10 11 43
172 10 9 52 10 13 3
173 10 11 1 10 13 24
174 10 11 10 10 11 41
175 10 11 53 10 16 18
176 10 12 14 10 14 48
177 10 13 23 10 13 58
178 10 14 28 10 19 2
179 10 15 27 10 20 10
180 10 16 33 10 21 18
181 10 16 36 10 19 24
182 10 17 36 10 22 37
183 10 18 58 10 19 21
184 10 20 5 10 25 45
185 10 20 39 10 24 24
186 10 21 9 10 22 48
187 10 21 39 10 24 51
188 10 23 5 10 25 47
189 10 23 7 10 26 55
190 10 24 11 10 26 50
191 10 24 14 10 28 45
192 10 24 28 10 26 38
193 10 24 29 10 27 57
194 10 24 55 10 27 5
195 10 25 19 10 25 33
196 10 25 48 10 28 43
197 10 26 42 10 27 53
198 10 26 52 10 30 20
199 10 27 16 10 30 2
200 10 28 43 10 31 25
201 10 28 46 10 31 11
202 10 30 6 10 35 31
203 10 30 43 10 31 35
204 10 32 7 10 33 0
205 10 33 8 10 34 43
206 10 33 49 10 38 18
207 10 34 54 10 40 0
208 10 36 7 10 38 40
209 10 37 31 10 37 42
210 10 38 41 10 40 28
211 10 38 45 10 39 2
212 10 40 1 10 42 59
213 10 40 47 10 45 6
214 10 41 13 10 41 46
215 10 42 19 10 45 50
216 10 42 23 10 46 17
217 10 43 29 10 45 29
218 10 43 42 10 48 0
219 10 44 5 10 48 7
220 10 45 10 10 47 59
221 10 46 23 10 49 4
222 10 46 46 10 51 12
223 10 46 48 10 47 12
224 10 47 5 10 51 44
225 10 48 19 10 52 15
226 10 49 5 10 49 50
227 10 49 32 10 54 0
228 10 49 42 10 53 4
229 10 49 53 10 50 32
230 10 50 30 10 53 9
231 10 51 9 10 52 40
232 10 52 31 10 54 53
233 10 53 29 10 56 1
234 10 53 34 10 56 4
235 10 54 4 10 59 34
236 10 54 10 10 54 33
237 10 54 51 10 57 10
238 10 55 31 10 59 24
239 10 56 43 11 1 46
240 10 57 26 11 2 44
241 10 57 34 11 1 18
242 10 58 46 11 0 46
243 10 59 22 11 1 35
244 11 0 30 11 3 17
245 11 0 52 11 5 29
246 11 1 12 11 4 18
247 11 1 35 11 3 1
248 11 2 44 11 5 40
249 11 3 28 11 3 57
250 11 4 19 11 8 54
251 11 5 12 11 6 48
252 11 6 25 11 9 50
253 11 7 24 11 12 25
254 11 7 31 11 10 17
255 11 8 33 11 10 34
256 11 9 58 11 10 35
257 11 10 52 11 14 29
258 11 12 4 11 15 15
259 11 13 22 11 15 52
260 11 13 54 11 18 59
261 11 14 41 11 17 50
262 11 14 58 11 17 46
263 11 15 36 11 18 36
264 11 16 22 11 16 42
265 11 17 17 11 19 37
266 11 17 47 11 20 27
267 11 18 38 11 18 59
268 11 19 9 11 19 57
269 11 19 27 11 20 2
270 11 19 42 11 24 19
271 11 20 10 11 24 2
272 11 20 13 11 24 48
273 11 21 11 11 24 20
274 11 21 49 11 25 14
275 11 22 58 11 26 52
276 11 24 7 11 29 18
277 11 25 0 11 28 55
278 11 25 34 11 30 6
279 11 26 41 11 29 21
280 11 27 31 11 29 10
281 11 28 19 11 32 32
282 11 28 48 11 33 36
283 11 30 3 11 32 33
284 11 31 5 11 36 4
285 11 31 33 11 34 15
286 11 32 7 11 34 32
287 11 32 48 11 37 5
288 11 34 14 11 34 44
289 11 35 12 11 38 57
290 11 35 17 11 38 5
291 11 36 10 11 41 13
292 11 36 21 11 40 59
293 11 36 27 11 39 54
294 11 37 22 11 39 18
295 11 37 29 11 40 23
296 11 37 41 11 40 2
297 11 37 57 11 38 7
298 11 37 57 11 40 49
299 11 38 23 11 40 44
300 11 39 49 11 43 50
301 11 40 32 11 41 6
302 11 41 18 11 44 0
303 11 42 11 11 42 49
304 11 42 23 11 45 48
305 11 42 31 11 47 27
306 11 43 55 11 46 27
307 11 44 38 11 47 51
308 11 45 11 11 48 54
309 11 46 22 11 48 50
310 11 47 48 11 51 36
311 11 48 50 11 52 18
312 11 49 13 11 52 11
313 11 50 24 11 53 12
314 11 50 36 11 53 34
315 11 50 36 11 54 26
316 11 50 46 11 52 22
317 11 51 14 11 55 25
318 11 51 58 11 55 37
319 11 52 48 11 57 10
320 11 52 50 11 57 43
321 11 53 14 11 58 37
322 11 53 48 11 54 49
323 11 54 50 12 0 22
324 11 55 47 11 56 14
325 11 56 18 11 57 48
326 11 57 30 12 2 29
327 11 57 52 12 1 36
328 11 57 54 12 1 34
329 11 58 52 11 59 54
330 11 59 25 12 3 46
331 11 59 53 12 2 36
